0000000   1   2   3   4   5   6   7   8   9   0  \0
0000013   1   2   3   4   5   6   7   8   9   0  \0
0000026   1   2   3   4   5   6   7   8   9   0  \0
0000041   1   2   3   4   5   6   7   8   9   0  \0
0000054   1   2   3   4   5   6   7   8   9   0  \0
0000067   1   2   3   4   5   6   7   8   9   0  \0
0000102   1   2   3   4   5   6   7   8   9   0  \0
0000115   1   2   3   4   5   6   7   8   9   0  \0
0000130   1   2   3   4   5   6   7   8   9   0  \0
0000143   1   2   3   4   5   6   7   8   9   0  \0
0000156   1   2   3   4   5   6   7   8   9   0  \0
0000171
